Iter.Index	Steps Count

1		499
2		27
3		40
4		32
5		428
6		27
7		123
8		39
9		115
10		443
11		217
12		96
13		99
14		203
15		20
16		40
17		85
18		357
19		974
20		43
21		124
22		403
23		399
24		436
25		247
26		246
27		183
28		31
29		266
30		20
31		170
32		32
33		75
34		33
35		292
36		37
37		528
38		38
39		131
40		71
41		159
42		340
43		98
44		31
45		258
46		183
47		367
48		76
49		284
50		33
51		101
52		98
53		103
54		65
55		128
56		41
57		157
58		96
59		156
60		119
61		171
62		30
63		43
64		41
65		103
66		446
67		66
68		91
69		47
70		74
71		546
72		40
73		236
74		295
75		120
76		75
77		35
78		34
79		211
80		382
81		209
82		293
83		74
84		125
85		55
86		17
87		39
88		40
89		848
90		607
91		89
92		114
93		195
94		565
95		151
96		183
97		18
98		275
99		572
100		208
101		51
102		199
103		961
104		196
105		49
106		72
107		166
108		355
109		42
110		45
111		207
112		12
113		102
114		46
115		251
116		68
117		28
118		73
119		38
120		142
121		113
122		78
123		177
124		122
125		55
126		48
127		39
128		248
129		50
130		139
131		69
132		218
133		970
134		451
135		148
136		21
137		76
138		358
139		50
140		247
141		58
142		34
143		145
144		433
145		450
146		39
147		221
148		110
149		161
150		437
151		157
152		563
153		42
154		36
155		625
156		284
157		130
158		179
159		559
160		18
161		271
162		20
163		274
164		269
165		498
166		28
167		713
168		112
169		879
170		56
171		164
172		22
173		59
174		72
175		41
176		78
177		225
178		58
179		79
180		24
181		402
182		166
183		29
184		189
185		810
186		61
187		224
188		353
189		143
190		206
191		268
192		421
193		12
194		257
195		49
196		333
197		317
198		516
199		88
200		281
201		23
202		613
203		482
204		369
205		51
206		82
207		151
208		136
209		317
210		27
211		739
212		278
213		57
214		330
215		18
216		14
217		177
218		256
219		346
220		15
221		65
222		22
223		154
224		34
225		43
226		56
227		109
228		49
229		109
230		74
231		29
232		61
233		252
234		17
235		75
236		247
237		218
238		374
239		71
240		11
241		127
242		21
243		28
244		113
245		42
246		430
247		78
248		55
249		22
250		89
251		46
252		566
253		309
254		15
255		441
256		286
257		591
258		17
259		39
260		63
261		15
262		46
263		80
264		49
265		450
266		164
267		21
268		26
269		96
270		23
271		40
272		17
273		486
274		13
275		124
276		262
277		21
278		43
279		89
280		129
281		468
282		23
283		125
284		58
285		159
286		376
287		125
288		258
289		145
290		417
291		15
292		1216
293		1014
294		121
295		255
296		65
297		115
298		754
299		424
300		374
301		630
302		82
303		88
304		437
305		203
306		88
307		106
308		162
309		630
310		72
311		245
312		24
313		588
314		14
315		221
316		398
317		62
318		68
319		633
320		32
321		550
322		26
323		394
324		352
325		21
326		650
327		59
328		905
329		25
330		235
331		502
332		192
333		196
334		196
335		256
336		90
337		78
338		971
339		63
340		134
341		830
342		203
343		82
344		215
345		189
346		163
347		613
348		44
349		28
350		80
351		342
352		43
353		311
354		234
355		175
356		198
357		540
358		38
359		107
360		195
361		77
362		53
363		54
364		35
365		270
366		148
367		236
368		16
369		67
370		340
371		196
372		594
373		19
374		97
375		271
376		382
377		80
378		22
379		77
380		734
381		146
382		62
383		471
384		33
385		386
386		530
387		274
388		95
389		12
390		57
391		22
392		128
393		112
394		59
395		39
396		164
397		25
398		159
399		200
400		423
401		383
402		37
403		29
404		233
405		50
406		149
407		187
408		263
409		30
410		80
411		475
412		182
413		191
414		16
415		107
416		255
417		184
418		349
419		54
420		514
421		79
422		67
423		147
424		208
425		396
426		128
427		71
428		450
429		115
430		532
431		28
432		744
433		182
434		32
435		276
436		312
437		32
438		572
439		16
440		359
441		78
442		44
443		19
444		30
445		389
446		59
447		448
448		21
449		345
450		99
451		44
452		209
453		26
454		445
455		82
456		119
457		211
458		37
459		669
460		75
461		443
462		134
463		124
464		59
465		16
466		317
467		357
468		1172
469		50
470		70
471		37
472		263
473		77
474		190
475		31
476		238
477		609
478		189
479		315
480		37
481		208
482		103
483		39
484		114
485		52
486		60
487		14
488		98
489		125
490		221
491		29
492		32
493		361
494		36
495		151
496		83
497		39
498		175
499		41
500		358
501		359
502		134
503		365
504		401
505		143
506		678
507		109
508		65
509		69
510		31
511		281
512		107
513		15
514		84
515		78
516		342
517		62
518		74
519		57
520		223
521		36
522		28
523		29
524		204
525		21
526		30
527		72
528		598
529		657
530		180
531		180
532		35
533		29
534		315
535		442
536		182
537		268
538		28
539		94
540		62
541		81
542		24
543		67
544		166
545		412
546		23
547		97
548		39
549		369
550		60
551		118
552		485
553		34
554		361
555		62
556		126
557		286
558		462
559		53
560		46
561		180
562		117
563		121
564		74
565		114
566		195
567		431
568		28
569		212
570		23
571		141
572		64
573		152
574		58
575		182
576		136
577		770
578		421
579		190
580		618
581		163
582		14
583		21
584		205
585		945
586		92
587		60
588		241
589		71
590		183
591		98
592		215
593		473
594		403
595		51
596		200
597		336
598		18
599		65
600		146
601		194
602		21
603		36
604		354
605		86
606		89
607		159
608		71
609		15
610		629
611		22
612		38
613		105
614		413
615		23
616		220
617		214
618		529
619		27
620		42
621		100
622		21
623		344
624		42
625		50
626		213
627		31
628		95
629		18
630		203
631		37
632		33
633		30
634		814
635		713
636		13
637		257
638		187
639		679
640		91
641		209
642		584
643		35
644		247
645		21
646		12
647		30
648		38
649		38
650		135
651		20
652		36
653		15
654		202
655		83
656		179
657		44
658		197
659		34
660		416
661		433
662		377
663		207
664		287
665		54
666		19
667		72
668		310
669		235
670		728
671		153
672		266
673		181
674		178
675		73
676		33
677		391
678		590
679		303
680		46
681		33
682		33
683		217
684		39
685		168
686		17
687		45
688		66
689		56
690		124
691		127
692		1039
693		15
694		604
695		358
696		140
697		47
698		123
699		40
700		308
701		288
702		222
703		135
704		126
705		140
706		472
707		20
708		307
709		34
710		828
711		86
712		49
713		290
714		104
715		33
716		30
717		180
718		26
719		69
720		46
721		49
722		237
723		263
724		40
725		97
726		112
727		21
728		23
729		13
730		97
731		133
732		294
733		75
734		181
735		339
736		228
737		258
738		149
739		318
740		176
741		121
742		154
743		321
744		63
745		13
746		36
747		31
748		335
749		119
750		338
751		326
752		104
753		444
754		42
755		185
756		415
757		29
758		935
759		368
760		55
761		399
762		238
763		61
764		468
765		466
766		76
767		128
768		35
769		180
770		175
771		52
772		975
773		477
774		42
775		40
776		693
777		235
778		91
779		132
780		657
781		25
782		453
783		26
784		29
785		564
786		95
787		113
788		71
789		51
790		41
791		152
792		231
793		31
794		197
795		307
796		18
797		238
798		23
799		44
800		172
801		206
802		69
803		17
804		99
805		21
806		33
807		50
808		233
809		587
810		716
811		18
812		523
813		90
814		18
815		61
816		22
817		162
818		342
819		29
820		759
821		87
822		18
823		19
824		36
825		209
826		678
827		271
828		586
829		77
830		171
831		57
832		231
833		78
834		590
835		56
836		123
837		40
838		421
839		339
840		163
841		226
842		1015
843		71
844		15
845		134
846		107
847		455
848		277
849		35
850		34
851		167
852		132
853		170
854		181
855		59
856		20
857		24
858		559
859		517
860		28
861		609
862		190
863		152
864		285
865		47
866		150
867		21
868		415
869		316
870		467
871		65
872		435
873		67
874		58
875		159
876		512
877		121
878		133
879		123
880		42
881		21
882		622
883		88
884		36
885		84
886		766
887		308
888		261
889		24
890		273
891		415
892		155
893		54
894		172
895		546
896		127
897		249
898		102
899		598
900		174
901		107
902		38
903		80
904		148
905		65
906		14
907		111
908		375
909		290
910		46
911		313
912		211
913		175
914		21
915		555
916		45
917		66
918		73
919		160
920		27
921		596
922		74
923		57
924		67
925		297
926		75
927		75
928		360
929		270
930		59
931		102
932		455
933		89
934		17
935		496
936		304
937		91
938		294
939		49
940		228
941		568
942		24
943		117
944		238
945		40
946		233
947		24
948		251
949		169
950		512
951		160
952		633
953		216
954		16
955		721
956		473
957		209
958		250
959		273
960		36
961		219
962		641
963		69
964		16
965		14
966		21
967		60
968		251
969		444
970		409
971		161
972		298
973		120
974		112
975		399
976		23
977		30
978		352
979		25
980		210
981		64
982		397
983		25
984		335
985		26
986		210
987		260
988		20
989		716
990		20
991		378
992		14
993		14
994		511
995		148
996		35
997		57
998		139
999		72
1000		610
1001		391
1002		339
1003		14
1004		104
1005		366
1006		224
1007		228
1008		73
1009		71
1010		21
1011		1120
1012		414
1013		134
1014		50
1015		219
1016		751
1017		53
1018		261
1019		1005
1020		395
1021		46
1022		45
1023		360
1024		356
1025		29
1026		549
1027		328
1028		165
1029		164
1030		46
1031		92
1032		453
1033		95
1034		9
1035		75
1036		15
1037		247
1038		487
1039		42
1040		337
1041		573
1042		17
1043		59
1044		118
1045		39
1046		32
1047		245
1048		24
1049		141
1050		614
1051		87
1052		104
1053		218
1054		27
1055		56
1056		103
1057		26
1058		15
1059		85
1060		267
1061		17
1062		171
1063		153
1064		471
1065		26
1066		322
1067		293
1068		446
1069		997
1070		438
1071		236
1072		457
1073		574
1074		19
1075		153
1076		149
1077		39
1078		69
1079		295
1080		60
1081		360
1082		46
1083		149
1084		739
1085		45
1086		237
1087		73
1088		187
1089		358
1090		69
1091		90
1092		64
1093		187
1094		194
1095		110
1096		119
1097		16
1098		251
1099		97
1100		326
1101		228
1102		83
1103		213
1104		62
1105		330
1106		123
1107		15
1108		58
1109		86
1110		16
1111		309
1112		11
1113		379
1114		432
1115		750
1116		49
1117		25
1118		424
1119		24
1120		578
1121		78
1122		60
1123		82
1124		291
1125		62
1126		30
1127		38
1128		36
1129		25
1130		35
1131		271
1132		76
1133		26
1134		255
1135		59
1136		176
1137		214
1138		416
1139		490
1140		121
1141		550
1142		19
1143		32
1144		36
1145		373
1146		135
1147		449
1148		131
1149		439
1150		22
1151		54
1152		288
1153		564
1154		103
1155		159
1156		171
1157		112
1158		74
1159		173
1160		744
1161		32
1162		166
1163		73
1164		361
1165		57
1166		94
1167		126
1168		311
1169		59
1170		26
1171		210
1172		412
1173		35
1174		222
1175		575
1176		14
1177		110
1178		81
1179		104
1180		40
1181		62
1182		22
1183		78
1184		17
1185		49
1186		220
1187		74
1188		379
1189		206
1190		388
1191		44
1192		460
1193		1076
1194		31
1195		524
1196		88
1197		354
1198		184
1199		31
1200		533
1201		445
1202		93
1203		33
1204		129
1205		20
1206		28
1207		206
1208		27
1209		317
1210		15
1211		1056
1212		383
1213		103
1214		154
1215		152
1216		332
1217		220
1218		54
1219		17
1220		474
1221		330
1222		104
1223		30
1224		29
1225		35
1226		12
1227		19
1228		60
1229		214
1230		105
1231		96
1232		33
1233		247
1234		131
1235		112
1236		444
1237		81
1238		37
1239		52
1240		50
1241		157
1242		372
1243		123
1244		39
1245		576
1246		98
1247		408
1248		197
1249		112
1250		17
1251		40
1252		655
1253		531
1254		94
1255		1402
1256		365
1257		428
1258		647
1259		18
1260		18
1261		13
1262		152
1263		53
1264		262
1265		429
1266		53
1267		143
1268		24
1269		106
1270		44
1271		287
1272		172
1273		356
1274		128
1275		571
1276		133
1277		38
1278		23
1279		67
1280		133
1281		94
1282		77
1283		264
1284		155
1285		98
1286		33
1287		231
1288		49
1289		54
1290		179
1291		243
1292		22
1293		243
1294		42
1295		73
1296		23
1297		187
1298		33
1299		54
1300		16
1301		52
1302		189
1303		39
1304		57
1305		528
1306		50
1307		338
1308		64
1309		28
1310		118
1311		286
1312		275
1313		41
1314		51
1315		420
1316		47
1317		25
1318		215
1319		369
1320		66
1321		64
1322		257
1323		60
1324		133
1325		105
1326		72
1327		94
1328		38
1329		146
1330		70
1331		130
1332		19
1333		192
1334		416
1335		186
1336		83
1337		84
1338		127
1339		61
1340		19
1341		119
1342		27
1343		23
1344		69
1345		59
1346		285
1347		145
1348		410
1349		29
1350		39
1351		113
1352		209
1353		83
1354		535
1355		34
1356		29
1357		362
1358		22
1359		109
1360		289
1361		17
1362		487
1363		53
1364		131
1365		32
1366		17
1367		83
1368		221
1369		35
1370		210
1371		33
1372		121
1373		44
1374		68
1375		90
1376		798
1377		376
1378		24
1379		296
1380		174
1381		30
1382		29
1383		30
1384		152
1385		493
1386		71
1387		42
1388		17
1389		40
1390		40
1391		214
1392		117
1393		210
1394		208
1395		392
1396		270
1397		291
1398		110
1399		38
1400		154
1401		171
1402		103
1403		222
1404		52
1405		107
1406		116
1407		1847
1408		105
1409		102
1410		183
1411		45
1412		58
1413		496
1414		98
1415		31
1416		102
1417		53
1418		64
1419		18
1420		830
1421		84
1422		158
1423		242
1424		266
1425		47
1426		72
1427		14
1428		17
1429		87
1430		78
1431		353
1432		107
1433		250
1434		469
1435		304
1436		268
1437		1235
1438		299
1439		483
1440		53
1441		79
1442		17
1443		776
1444		963
1445		91
1446		70
1447		25
1448		347
1449		22
1450		14
1451		202
1452		157
1453		34
1454		17
1455		118
1456		487
1457		30
1458		222
1459		218
1460		170
1461		108
1462		199
1463		227
1464		640
1465		229
1466		34
1467		18
1468		160
1469		57
1470		35
1471		61
1472		19
1473		97
1474		467
1475		56
1476		675
1477		30
1478		156
1479		92
1480		24
1481		318
1482		44
1483		37
1484		342
1485		37
1486		97
1487		243
1488		262
1489		25
1490		39
1491		295
1492		418
1493		150
1494		565
1495		422
1496		89
1497		36
1498		223
1499		25
1500		485
1501		222
1502		271
1503		37
1504		88
1505		111
1506		269
1507		53
1508		1014
1509		270
1510		87
1511		524
1512		52
1513		131
1514		85
1515		34
1516		295
1517		23
1518		187
1519		918
1520		25
1521		438
1522		62
1523		87
1524		420
1525		245
1526		194
1527		126
1528		177
1529		19
1530		326
1531		135
1532		110
1533		633
1534		30
1535		26
1536		533
1537		249
1538		14
1539		65
1540		65
1541		34
1542		166
1543		302
1544		70
1545		85
1546		203
1547		641
1548		68
1549		26
1550		87
1551		134
1552		117
1553		284
1554		23
1555		488
1556		56
1557		150
1558		297
1559		287
1560		331
1561		168
1562		53
1563		65
1564		293
1565		20
1566		31
1567		332
1568		98
1569		81
1570		280
1571		107
1572		26
1573		35
1574		725
1575		173
1576		14
1577		36
1578		65
1579		46
1580		67
1581		433
1582		33
1583		37
1584		146
1585		650
1586		387
1587		1250
1588		273
1589		68
1590		816
1591		45
1592		43
1593		483
1594		28
1595		86
1596		46
1597		27
1598		52
1599		344
1600		383
1601		211
1602		68
1603		430
1604		39
1605		824
1606		208
1607		70
1608		46
1609		305
1610		249
1611		72
1612		17
1613		121
1614		15
1615		67
1616		118
1617		255
1618		180
1619		24
1620		1030
1621		642
1622		17
1623		21
1624		227
1625		593
1626		26
1627		698
1628		509
1629		747
1630		89
1631		336
1632		16
1633		228
1634		54
1635		36
1636		49
1637		22
1638		473
1639		186
1640		1131
1641		287
1642		166
1643		807
1644		213
1645		122
1646		59
1647		343
1648		387
1649		36
1650		118
1651		742
1652		169
1653		66
1654		225
1655		47
1656		108
1657		25
1658		43
1659		23
1660		507
1661		473
1662		273
1663		77
1664		67
1665		28
1666		15
1667		90
1668		119
1669		330
1670		368
1671		16
1672		556
1673		152
1674		441
1675		264
1676		345
1677		266
1678		77
1679		76
1680		139
1681		517
1682		125
1683		264
1684		124
1685		296
1686		86
1687		767
1688		289
1689		76
1690		282
1691		35
1692		15
1693		564
1694		49
1695		38
1696		120
1697		75
1698		135
1699		267
1700		286
1701		21
1702		493
1703		27
1704		17
1705		25
1706		460
1707		208
1708		37
1709		364
1710		29
1711		515
1712		55
1713		1174
1714		179
1715		125
1716		481
1717		36
1718		247
1719		168
1720		192
1721		25
1722		53
1723		22
1724		51
1725		322
1726		291
1727		247
1728		496
1729		39
1730		207
1731		408
1732		482
1733		137
1734		201
1735		82
1736		300
1737		47
1738		31
1739		390
1740		893
1741		667
1742		262
1743		407
1744		48
1745		229
1746		11
1747		1109
1748		688
1749		66
1750		22
1751		401
1752		27
1753		127
1754		545
1755		37
1756		30
1757		175
1758		205
1759		16
1760		14
1761		21
1762		88
1763		404
1764		598
1765		136
1766		30
1767		92
1768		13
1769		27
1770		324
1771		31
1772		137
1773		98
1774		20
1775		361
1776		42
1777		18
1778		164
1779		104
1780		58
1781		25
1782		40
1783		134
1784		135
1785		218
1786		552
1787		231
1788		60
1789		254
1790		46
1791		33
1792		388
1793		942
1794		269
1795		127
1796		225
1797		84
1798		46
1799		55
1800		22
1801		280
1802		30
1803		77
1804		24
1805		36
1806		218
1807		25
1808		43
1809		121
1810		79
1811		40
1812		245
1813		26
1814		759
1815		163
1816		129
1817		26
1818		272
1819		44
1820		16
1821		32
1822		361
1823		18
1824		48
1825		21
1826		416
1827		153
1828		81
1829		85
1830		226
1831		228
1832		348
1833		40
1834		412
1835		152
1836		42
1837		680
1838		23
1839		280
1840		189
1841		12
1842		82
1843		28
1844		456
1845		23
1846		24
1847		195
1848		139
1849		262
1850		76
1851		77
1852		151
1853		417
1854		1386
1855		52
1856		35
1857		367
1858		184
1859		26
1860		43
1861		38
1862		92
1863		41
1864		592
1865		65
1866		140
1867		235
1868		290
1869		44
1870		149
1871		515
1872		212
1873		338
1874		72
1875		234
1876		36
1877		247
1878		684
1879		263
1880		495
1881		264
1882		66
1883		209
1884		57
1885		222
1886		241
1887		163
1888		87
1889		1328
1890		56
1891		199
1892		346
1893		111
1894		20
1895		67
1896		82
1897		456
1898		36
1899		699
1900		842
1901		18
1902		463
1903		151
1904		25
1905		362
1906		271
1907		54
1908		208
1909		148
1910		137
1911		268
1912		29
1913		267
1914		447
1915		334
1916		35
1917		677
1918		67
1919		159
1920		41
1921		66
1922		738
1923		21
1924		404
1925		51
1926		57
1927		50
1928		14
1929		345
1930		342
1931		101
1932		46
1933		16
1934		359
1935		76
1936		698
1937		459
1938		612
1939		18
1940		398
1941		64
1942		470
1943		23
1944		93
1945		22
1946		165
1947		224
1948		17
1949		364
1950		269
1951		17
1952		408
1953		19
1954		383
1955		43
1956		57
1957		210
1958		282
1959		132
1960		21
1961		605
1962		70
1963		67
1964		346
1965		292
1966		196
1967		26
1968		75
1969		789
1970		17
1971		143
1972		26
1973		113
1974		79
1975		51
1976		64
1977		801
1978		605
1979		78
1980		9
1981		29
1982		134
1983		82
1984		146
1985		299
1986		30
1987		157
1988		109
1989		133
1990		503
1991		21
1992		177
1993		210
1994		53
1995		63
1996		382
1997		520
1998		39
1999		89
2000		257
2001		99
2002		171
2003		42
2004		333
2005		467
2006		469
2007		240
2008		21
2009		36
2010		199
2011		71
2012		83
2013		105
2014		14
2015		759
2016		52
2017		47
2018		789
2019		148
2020		43
2021		137
2022		104
2023		30
2024		42
2025		590
2026		93
2027		289
2028		119
2029		153
2030		218
2031		39
2032		9
2033		405
2034		62
2035		91
2036		45
2037		310
2038		127
2039		163
2040		26
2041		49
2042		507
2043		23
2044		788
2045		487
2046		267
2047		29
2048		109
2049		48
2050		69
2051		85
2052		213
2053		326
2054		325
2055		525
2056		45
2057		98
2058		692
2059		167
2060		608
2061		428
2062		48
2063		114
2064		1248
2065		204
2066		34
2067		82
2068		265
2069		159
2070		15
2071		231
2072		65
2073		30
2074		471
2075		42
2076		452
2077		247
2078		133
2079		26
2080		36
2081		287
2082		621
2083		117
2084		31
2085		28
2086		66
2087		28
2088		515
2089		509
2090		23
2091		232
2092		43
2093		271
2094		63
2095		70
2096		55
2097		394
2098		28
2099		53
2100		31
2101		122
2102		53
2103		89
2104		21
2105		258
2106		679
2107		119
2108		192
2109		783
2110		80
2111		56
2112		197
2113		224
2114		146
2115		16
2116		287
2117		15
2118		322
2119		793
2120		87
2121		214
2122		221
2123		77
2124		459
2125		109
2126		181
2127		144
2128		221
2129		33
2130		143
2131		165
2132		13
2133		263
2134		120
2135		62
2136		26
2137		183
2138		58
2139		261
2140		175
2141		59
2142		73
2143		596
2144		67
2145		369
2146		25
2147		40
2148		134
2149		83
2150		22
2151		315
2152		332
2153		35
2154		50
2155		39
2156		226
2157		46
2158		152
2159		59
2160		182
2161		97
2162		87
2163		32
2164		20
2165		298
2166		66
2167		133
2168		860
2169		119
2170		59
2171		227
2172		23
2173		13
2174		20
2175		305
2176		703
2177		13
2178		52
2179		58
2180		51
2181		55
2182		306
2183		80
2184		302
2185		231
2186		68
2187		261
2188		741
2189		63
2190		88
2191		126
2192		332
2193		471
2194		307
2195		117
2196		52
2197		316
2198		16
2199		160
2200		63
2201		113
2202		63
2203		196
2204		86
2205		264
2206		541
2207		86
2208		25
2209		71
2210		259
2211		96
2212		164
2213		50
2214		35
2215		20
2216		261
2217		281
2218		275
2219		367
2220		170
2221		376
2222		293
2223		307
2224		32
2225		104
2226		151
2227		47
2228		175
2229		359
2230		58
2231		188
2232		264
2233		79
2234		770
2235		30
2236		175
2237		139
2238		142
2239		116
2240		439
2241		20
2242		243
2243		290
2244		54
2245		924
2246		60
2247		212
2248		512
2249		31
2250		20
2251		163
2252		43
2253		349
2254		237
2255		693
2256		24
2257		16
2258		37
2259		17
2260		366
2261		121
2262		480
2263		174
2264		26
2265		177
2266		151
2267		74
2268		32
2269		577
2270		21
2271		13
2272		90
2273		25
2274		289
2275		430
2276		64
2277		486
2278		220
2279		47
2280		189
2281		111
2282		45
2283		94
2284		618
2285		31
2286		31
2287		91
2288		107
2289		183
2290		88
2291		119
2292		89
2293		59
2294		189
2295		81
2296		34
2297		147
2298		44
2299		134
2300		63
2301		193
2302		371
2303		47
2304		560
2305		19
2306		103
2307		76
2308		37
2309		38
2310		122
2311		43
2312		10
2313		147
2314		28
2315		27
2316		46
2317		118
2318		230
2319		417
2320		21
2321		19
2322		171
2323		13
2324		76
2325		25
2326		127
2327		21
2328		65
2329		52
2330		46
2331		126
2332		88
2333		738
2334		360
2335		190
2336		98
2337		128
2338		45
2339		32
2340		38
2341		21
2342		331
2343		38
2344		27
2345		19
2346		264
2347		84
2348		40
2349		217
2350		26
2351		127
2352		96
2353		232
2354		622
2355		27
2356		297
2357		231
2358		273
2359		272
2360		55
2361		144
2362		47
2363		334
2364		30
2365		59
2366		76
2367		155
2368		299
2369		127
2370		197
2371		103
2372		74
2373		40
2374		45
2375		21
2376		129
2377		44
2378		25
2379		24
2380		50
2381		71
2382		462
2383		26
2384		44
2385		333
2386		533
2387		142
2388		246
2389		40
2390		18
2391		334
2392		149
2393		580
2394		168
2395		43
2396		60
2397		138
2398		12
2399		877
2400		21
2401		18
2402		34
2403		194
2404		548
2405		16
2406		20
2407		20
2408		171
2409		306
2410		85
2411		36
2412		137
2413		1242
2414		320
2415		118
2416		71
2417		93
2418		824
2419		51
2420		383
2421		47
2422		290
2423		313
2424		28
2425		462
2426		43
2427		70
2428		90
2429		159
2430		193
2431		28
2432		720
2433		180
2434		50
2435		57
2436		129
2437		118
2438		16
2439		180
2440		477
2441		415
2442		436
2443		393
2444		295
2445		568
2446		937
2447		49
2448		107
2449		18
2450		18
2451		92
2452		792
2453		71
2454		18
2455		33
2456		21
2457		984
2458		89
2459		56
2460		124
2461		222
2462		75
2463		104
2464		349
2465		29
2466		333
2467		345
2468		34
2469		209
2470		371
2471		55
2472		86
2473		169
2474		847
2475		129
2476		254
2477		745
2478		29
2479		70
2480		183
2481		110
2482		248
2483		631
2484		101
2485		144
2486		119
2487		69
2488		391
2489		27
2490		865
2491		46
2492		397
2493		195
2494		30
2495		973
2496		113
2497		264
2498		916
2499		308
2500		745
2501		192
2502		190
2503		212
2504		128
2505		114
2506		438
2507		17
2508		532
2509		110
2510		232
2511		97
2512		413
2513		388
2514		143
2515		16
2516		10
2517		199
2518		656
2519		402
2520		218
2521		45
2522		56
2523		625
2524		61
2525		318
2526		103
2527		196
2528		18
2529		227
2530		108
2531		39
2532		179
2533		127
2534		118
2535		130
2536		109
2537		141
2538		44
2539		77
2540		37
2541		953
2542		46
2543		36
2544		11
2545		32
2546		37
2547		709
2548		329
2549		359
2550		747
2551		620
2552		228
2553		55
2554		334
2555		186
2556		214
2557		22
2558		399
2559		45
2560		155
2561		139
2562		367
2563		222
2564		227
2565		222
2566		113
2567		256
2568		250
2569		291
2570		70
2571		107
2572		141
2573		89
2574		181
2575		383
2576		146
2577		195
2578		203
2579		31
2580		48
2581		262
2582		45
2583		632
2584		53
2585		70
2586		256
2587		76
2588		297
2589		239
2590		813
2591		125
2592		408
2593		409
2594		210
2595		21
2596		127
2597		71
2598		315
2599		507
2600		305
2601		580
2602		15
2603		1939
2604		770
2605		1130
2606		32
2607		79
2608		92
2609		1166
2610		176
2611		598
2612		84
2613		428
2614		23
2615		116
2616		450
2617		914
2618		384
2619		268
2620		98
2621		207
2622		44
2623		207
2624		141
2625		466
2626		181
2627		219
2628		150
2629		132
2630		16
2631		942
2632		98
2633		111
2634		50
2635		105
2636		309
2637		244
2638		161
2639		130
2640		24
2641		123
2642		276
2643		200
2644		280
2645		45
2646		74
2647		231
2648		508
2649		102
2650		191
2651		938
2652		38
2653		587
2654		257
2655		54
2656		741
2657		127
2658		69
2659		298
2660		19
2661		285
2662		93
2663		62
2664		418
2665		94
2666		15
2667		536
2668		65
2669		244
2670		58
2671		274
2672		59
2673		25
2674		151
2675		327
2676		19
2677		69
2678		104
2679		493
2680		57
2681		173
2682		151
2683		58
2684		51
2685		402
2686		120
2687		164
2688		146
2689		37
2690		195
2691		10
2692		295
2693		92
2694		44
2695		103
2696		206
2697		12
2698		45
2699		38
2700		266
2701		608
2702		58
2703		1112
2704		268
2705		64
2706		14
2707		136
2708		194
2709		111
2710		212
2711		160
2712		38
2713		97
2714		191
2715		21
2716		64
2717		44
2718		27
2719		770
2720		66
2721		19
2722		438
2723		474
2724		160
2725		37
2726		101
2727		182
2728		36
2729		480
2730		259
2731		423
2732		91
2733		17
2734		810
2735		165
2736		39
2737		201
2738		14
2739		42
2740		263
2741		157
2742		420
2743		192
2744		25
2745		107
2746		300
2747		29
2748		44
2749		508
2750		73
2751		493
2752		23
2753		103
2754		65
2755		371
2756		223
2757		43
2758		236
2759		139
2760		287
2761		102
2762		653
2763		179
2764		75
2765		152
2766		260
2767		66
2768		83
2769		92
2770		19
2771		697
2772		29
2773		624
2774		49
2775		41
2776		64
2777		80
2778		220
2779		21
2780		15
2781		38
2782		379
2783		494
2784		204
2785		393
2786		29
2787		37
2788		99
2789		229
2790		768
2791		112
2792		44
2793		63
2794		39
2795		162
2796		119
2797		176
2798		33
2799		83
2800		103
2801		386
2802		82
2803		244
2804		31
2805		60
2806		13
2807		528
2808		67
2809		251
2810		155
2811		391
2812		48
2813		20
2814		397
2815		65
2816		54
2817		68
2818		34
2819		430
2820		334
2821		26
2822		250
2823		46
2824		468
2825		81
2826		198
2827		132
2828		212
2829		42
2830		29
2831		95
2832		1169
2833		172
2834		817
2835		193
2836		17
2837		207
2838		22
2839		198
2840		95
2841		19
2842		203
2843		16
2844		111
2845		578
2846		60
2847		151
2848		117
2849		76
2850		190
2851		24
2852		40
2853		18
2854		30
2855		89
2856		50
2857		28
2858		282
2859		424
2860		59
2861		81
2862		44
2863		176
2864		33
2865		70
2866		24
2867		40
2868		45
2869		67
2870		289
2871		433
2872		40
2873		281
2874		72
2875		267
2876		364
2877		96
2878		18
2879		40
2880		262
2881		73
2882		109
2883		44
2884		143
2885		27
2886		453
2887		67
2888		366
2889		420
2890		139
2891		162
2892		126
2893		70
2894		472
2895		423
2896		219
2897		44
2898		169
2899		31
2900		764
2901		346
2902		32
2903		472
2904		302
2905		575
2906		98
2907		19
2908		29
2909		237
2910		138
2911		104
2912		84
2913		355
2914		32
2915		87
2916		91
2917		44
2918		177
2919		17
2920		34
2921		17
2922		35
2923		217
2924		105
2925		376
2926		118
2927		534
2928		359
2929		270
2930		69
2931		641
2932		209
2933		96
2934		26
2935		19
2936		593
2937		23
2938		33
2939		35
2940		18
2941		19
2942		1071
2943		41
2944		38
2945		100
2946		24
2947		165
2948		88
2949		329
2950		272
2951		12
2952		108
2953		1036
2954		301
2955		499
2956		19
2957		227
2958		374
2959		516
2960		61
2961		148
2962		34
2963		265
2964		35
2965		287
2966		229
2967		80
2968		196
2969		26
2970		22
2971		33
2972		13
2973		386
2974		68
2975		20
2976		263
2977		239
2978		163
2979		282
2980		38
2981		601
2982		81
2983		387
2984		205
2985		114
2986		33
2987		251
2988		689
2989		191
2990		22
2991		98
2992		269
2993		594
2994		947
2995		19
2996		41
2997		46
2998		38
2999		50
3000		221
3001		221
3002		209
3003		165
3004		100
3005		46
3006		101
3007		204
3008		72
3009		363
3010		37
3011		210
3012		129
3013		18
3014		47
3015		475
3016		83
3017		249
3018		411
3019		16
3020		46
3021		299
3022		218
3023		35
3024		55
3025		38
3026		360
3027		37
3028		541
3029		77
3030		134
3031		719
3032		110
3033		357
3034		546
3035		139
3036		41
3037		209
3038		217
3039		362
3040		58
3041		412
3042		263
3043		280
3044		42
3045		18
3046		40
3047		28
3048		81
3049		452
3050		38
3051		17
3052		55
3053		42
3054		486
3055		58
3056		332
3057		286
3058		92
3059		166
3060		109
3061		32
3062		25
3063		311
3064		34
3065		325
3066		46
3067		256
3068		59
3069		325
3070		35
3071		71
3072		488
3073		66
3074		175
3075		20
3076		662
3077		142
3078		83
3079		389
3080		56
3081		374
3082		187
3083		111
3084		198
3085		69
3086		121
3087		130
3088		267
3089		18
3090		262
3091		837
3092		326
3093		58
3094		216
3095		70
3096		134
3097		170
3098		397
3099		316
3100		23
3101		16
3102		450
3103		45
3104		57
3105		142
3106		119
3107		369
3108		50
3109		651
3110		16
3111		345
3112		50
3113		102
3114		29
3115		158
3116		193
3117		187
3118		282
